1380 482
1266 665
1570 594
1447 567
1401 775
1296 727
1367 750
1129 437
1118 486
1383 536
1261 695
1482 557
1102 439
1449 463
1198 434
1408 482
1356 674
1041 478
1525 437
1126 440
1159 783
1389 821
1261 422
1267 379
1167 804
1483 411
1541 460
1567 476
1202 781
1197 529
1280 686
1149 428
1571 463
1292 460
1117 351
1388 741
1215 816
1417 485
1425 441
1406 593
1577 447
1439 452
1083 364
1409 731
1538 548
1563 561
1157 746
1092 475
1069 383
1253 366
1577 503
1217 513
1546 502
1333 762
1407 482
1294 601
1380 492
1015 427
1456 807
1073 502
1312 438
1170 718
1241 461
1507 544
1329 726
1294 746
1551 467
1457 716
1476 562
1465 793
1475 521
1461 839
1507 535
1569 479
1432 488
1270 351
1451 720
1515 488
1464 562
1228 761
1411 550
1562 602
1004 357
1113 484
1302 814
1413 640
1194 704
1140 637
1377 774
1118 644
1232 442
1178 429
1199 615
1275 655
1189 492
1294 395
1338 776
1574 499
1233 410
1111 377
