165 99
168 95
156 37
154 47
148 50
195 83
199 116
153 40
200 73
202 69
204 153
203 141
173 52
154 81
187 70
188 118
190 67
191 80
187 65
176 114
199 96
162 94
172 79
157 43
158 38
185 125
196 122
156 85
155 62
148 61
169 99
188 113
159 63
204 123
165 93
193 82
155 41
176 98
198 147
186 68
166 81
153 83
169 101
186 113
203 78
178 65
182 78
177 66
196 78
173 74
184 130
171 85
161 85
197 96
196 133
187 110
155 47
154 49
151 79
158 85
170 102
177 116
180 69
199 117
186 88
149 69
169 96
149 41
195 128
182 59
201 77
179 94
173 71
187 70
201 137
155 46
165 90
152 62
188 76
152 89
175 111
167 57
198 104
166 106
204 72
195 101
190 71
188 85
178 92
193 124
192 104
200 120
149 44
155 89
169 58
195 106
196 75
164 89
154 42
151 35
