171 89
202 131
201 115
153 80
199 135
185 116
186 94
173 88
168 95
158 79
187 98
160 90
161 81
163 78
198 122
180 93
203 132
192 129
165 83
163 73
187 116
161 90
179 104
162 70
166 89
161 87
179 108
165 87
184 113
154 84
175 103
157 80
182 108
194 103
190 97
150 62
199 131
187 120
180 94
177 91
148 63
196 110
163 88
194 115
185 106
191 117
174 105
177 100
199 120
152 69
178 98
162 88
204 146
205 134
162 94
149 66
192 103
205 126
168 96
190 113
177 91
158 88
191 122
184 99
205 129
187 98
172 91
196 129
155 79
174 103
200 121
203 147
189 126
175 91
197 132
184 121
178 95
201 117
177 92
200 122
172 86
184 93
203 134
197 133
181 99
166 84
161 77
158 71
194 121
168 84
185 110
156 78
171 98
182 119
201 139
177 97
188 98
205 126
196 104
181 105
