149 48
155 45
178 68
186 73
157 47
152 46
191 72
179 67
189 68
203 81
169 60
176 66
152 45
154 47
193 70
204 79
150 47
168 60
194 75
152 46
199 84
164 57
175 64
199 79
184 71
183 63
197 83
187 70
176 59
176 64
169 54
162 55
176 64
180 64
176 67
171 58
163 58
154 50
162 54
177 63
195 76
157 51
180 63
148 44
178 69
160 50
203 81
192 74
194 80
168 55
160 54
151 46
156 47
199 77
149 47
196 78
189 74
153 50
202 86
183 65
168 55
167 59
176 67
197 84
190 70
204 80
193 80
150 45
161 50
184 64
164 51
156 50
205 89
160 50
196 81
159 53
196 81
170 62
178 65
169 61
156 46
154 49
205 87
203 80
174 65
159 49
162 56
196 77
174 61
187 75
201 81
158 47
173 58
189 74
176 60
203 87
171 63
166 58
186 75
196 81
