106 952
226 726
299 853
317 714
142 1040
126 1063
326 579
171 986
76 1072
79 955
119 969
113 960
97 995
123 957
173 958
110 947
163 925
309 736
285 895
332 715
120 1046
158 1062
79 992
106 975
140 977
163 984
72 1018
85 983
160 1052
73 988
75 1029
71 1045
133 1073
137 628
113 1036
10 1020
74 1038
143 967
116 996
154 996
112 1041
131 1057
154 993
161 1052
338 879
242 859
248 843
243 835
281 884
213 647
285 794
288 662
246 765
218 645
317 891
228 840
255 763
150 1146
343 770
336 844
325 828
310 883
160 942
165 1049
147 1031
320 598
169 1009
191 805
344 745
287 782
334 694
401 705
279 730
290 889
163 1058
61 972
161 961
151 1047
108 920
87 1041
102 1008
155 1016
330 775
257 721
197 746
228 674
325 750
276 866
251 523
170 1015
238 678
334 870
277 874
225 640
337 831
202 770
160 943
168 956
68 941
150 1028
156 1047
313 825
230 804
344 784
207 659
209 662
262 963
342 811
270 650
94 694
109 797
82 818
130 1008
204 855
339 718
210 733
229 829
292 696
262 799
71 755
214 836
261 828
329 863
340 813
105 1238
220 848
237 690
187 921
300 834
299 814
242 717
94 1015
101 948
116 1067
60 961
90 972
160 967
349 735
312 874
239 697
150 710
331 1069
249 992
290 1022
321 1053
340 943
221 1049
79 675
73 739
259 1106
90 838
