29 1046 310 728
99 422 900 296
42 1080 319 795
27 1066 365 742
14 1000 333 746
104 459 814 206
97 405 861 252
97 441 823 217
72 466 819 269
46 1085 367 776
16 1088 334 768
87 508 840 202
108 553 835 262
12 1046 398 762
42 1043 334 776
11 1040 360 720
81 443 846 253
105 529 842 236
49 1070 396 729
37 1096 386 740
73 471 804 228
108 599 875 227
75 597 889 211
110 591 852 292
85 554 856 206
98 567 874 240
42 1045 324 755
50 1008 371 700
34 1065 382 779
49 1013 312 764
16 1071 364 766
47 1081 371 751
93 442 833 213
87 454 838 268
43 1022 393 751
27 1078 384 777
49 1011 354 756
46 1089 370 725
17 1055 387 736
16 1040 300 717
86 457 830 275
110 521 854 247
92 523 849 286
14 1018 347 722
33 1063 395 749
16 1066 308 705
108 538 856 244
78 516 877 259
23 1020 342 703
22 1036 327 704
22 1002 325 727
28 1062 383 712
41 1075 320 786
40 1100 338 791
26 1033 305 738
34 1022 302 753
45 1038 310 703
83 412 821 253
30 1011 328 701
19 1061 336 778
23 1034 370 735
44 1008 322 781
74 474 857 212
109 453 802 265
87 450 844 244
32 1047 310 763
13 1078 338 737
18 820 379 779
37 1082 391 718
89 553 835 762
18 1067 321 722
39 1081 302 789
37 1062 345 761
12 1044 396 716
96 456 870 256
38 1064 383 771
14 1041 329 714
47 1013 310 706
42 1075 376 743
15 1012 368 704
32 1056 306 755
81 582 847 243
105 582 839 220
80 504 858 276
75 551 853 256
102 591 899 269
103 574 862 204
91 528 890 218
106 589 805 260
91 470 800 298
13 1010 381 721
23 1078 400 718
48 1040 338 799
14 1050 398 734
77 550 852 283
70 503 875 268
40 1002 358 757
93 584 824 217
74 546 860 278
94 445 846 204
78 463 839 243
105 501 807 223
70 528 871 268
92 464 860 206
75 470 883 290
77 407 835 214
89 590 895 286
79 559 847 246
79 483 806 300
106 512 855 262
92 556 888 208
109 488 843 269
101 474 839 210
72 518 838 222
108 501 897 278
107 482 850 282
110 510 877 251
77 541 817 222
71 508 859 275
99 1200 480 757
45 1038 310 510
109 488 443 269
101 474 639 410
18 1099 379 779
12 1044 336 741
22 1025 386 709
