161 67
178 84
165 87
180 76
168 85
167 90
181 72
178 68
185 86
167 74
190 90
169 92
178 75
190 66
163 85
184 66
190 69
190 89
167 65
188 84
166 65
186 72
186 71
164 93
168 71
180 82
180 69
161 82
161 90
165 86
180 69
189 67
160 94
178 75
178 93
160 92
189 93
171 75
168 67
188 89
171 74
184 74
160 68
188 94
162 76
187 74
187 71
186 75
163 74
185 89
161 88
163 85
160 90
184 88
177 67
160 90
169 68
181 71
160 76
160 91
178 68
163 70
163 66
177 89
164 94
171 88
168 86
188 76
169 69
168 74
187 65
190 83
170 71
181 75
184 86
180 91
184 92
182 84
185 92
169 68
182 70
180 69
161 82
186 83
161 66
165 89
189 87
190 76
177 91
170 83
171 83
166 76
166 84
177 83
168 90
187 93
168 85
185 90
170 93
161 75
